10
2
12 46 
41
26 15 22 24 36 18 45 49 4 25 15 4 13 9 5 2 46 12 6 30 12 6 32 44 20 34 28 25 46 24 16 25 42 40 1 30 9 46 29 15 21 
46
19 34 5 26 39 3 39 45 35 1 3 17 47 24 1 27 49 0 4 17 25 46 8 26 26 19 23 7 34 46 3 5 33 10 32 22 13 23 19 48 26 23 15 25 49 18 
3
0 18 9 
17
43 7 25 22 35 44 47 42 30 45 45 36 28 5 20 0 20 
43
20 18 21 45 35 46 44 3 1 44 22 12 13 17 19 39 41 4 35 40 46 16 36 43 4 16 0 24 17 20 19 39 40 40 36 25 38 32 31 42 26 3 4 
39
22 24 30 16 28 16 6 27 34 44 20 38 11 21 12 30 43 33 21 34 25 7 9 13 39 40 5 17 45 10 8 20 36 39 36 14 7 44 43 
43
39 16 31 2 39 45 32 32 28 3 16 3 12 28 18 3 18 26 20 16 36 30 38 22 21 24 38 28 20 34 21 9 0 4 11 39 1 45 21 29 0 38 34 
12
16 5 17 36 31 39 4 17 20 42 41 41 
18
31 22 39 17 43 0 17 0 14 8 1 9 30 33 12 20 19 26 
